3 1 2 4 5 6 7 9 8
4 5 6 7 9 8 3 1 2
7 9 8 3 1 2 4 5 6
2 4 5 6 7 9 8 3 1
6 7 9 8 3 1 2 4 5
8 3 1 2 4 5 6 7 9
1 2 4 5 6 7 9 8 3
5 6 7 9 8 3 1 2 4
9 8 3 1 2 4 5 6 7

3 1 2 4 5 6 7 9 8
4 5 6 7 9 8 3 1 2
7 9 8 3 1 2 4 5 6
2 4 5 6 7 9 8 3 1
8 3 1 2 4 5 6 7 9
6 7 9 8 3 1 2 4 5
1 2 4 5 6 7 9 8 3
9 8 3 1 2 4 5 6 7
5 6 7 9 8 3 1 2 4

3 1 2 4 5 6 7 9 8
4 5 6 7 9 8 3 1 2
7 9 8 3 1 2 4 5 6
2 4 5 6 7 9 8 3 1
8 3 1 2 4 5 6 7 9
6 7 9 8 3 1 2 4 5
5 6 7 9 8 3 1 2 4
9 8 3 1 2 4 5 6 7
1 2 4 5 6 7 9 8 3

3 1 2 4 5 6 7 9 8
4 5 6 7 9 8 3 1 2
7 9 8 3 1 2 4 5 6
2 4 5 6 7 9 8 3 1
8 3 1 2 4 5 6 7 9
6 7 9 8 3 1 2 4 5
9 8 3 1 2 4 5 6 7
1 2 4 5 6 7 9 8 3
5 6 7 9 8 3 1 2 4

3 1 2 4 5 6 7 9 8
4 5 6 7 9 8 3 1 2
7 9 8 3 1 2 4 5 6
2 4 5 6 7 9 8 3 1
8 3 1 2 4 5 6 7 9
6 7 9 8 3 1 2 4 5
9 8 3 1 2 4 5 6 7
5 6 7 9 8 3 1 2 4
1 2 4 5 6 7 9 8 3

3 1 2 4 5 6 7 9 8
4 5 6 7 9 8 3 1 2
7 9 8 3 1 2 4 5 6
6 7 9 8 3 1 2 4 5
2 4 5 6 7 9 8 3 1
8 3 1 2 4 5 6 7 9
1 2 4 5 6 7 9 8 3
9 8 3 1 2 4 5 6 7
5 6 7 9 8 3 1 2 4

3 1 2 4 5 6 7 9 8
4 5 6 7 9 8 3 1 2
7 9 8 3 1 2 4 5 6
6 7 9 8 3 1 2 4 5
2 4 5 6 7 9 8 3 1
8 3 1 2 4 5 6 7 9
5 6 7 9 8 3 1 2 4
1 2 4 5 6 7 9 8 3
9 8 3 1 2 4 5 6 7

3 1 2 4 5 6 7 9 8
4 5 6 7 9 8 3 1 2
7 9 8 3 1 2 4 5 6
6 7 9 8 3 1 2 4 5
2 4 5 6 7 9 8 3 1
8 3 1 2 4 5 6 7 9
5 6 7 9 8 3 1 2 4
9 8 3 1 2 4 5 6 7
1 2 4 5 6 7 9 8 3

3 1 2 4 5 6 7 9 8
4 5 6 7 9 8 3 1 2
7 9 8 3 1 2 4 5 6
6 7 9 8 3 1 2 4 5
2 4 5 6 7 9 8 3 1
8 3 1 2 4 5 6 7 9
9 8 3 1 2 4 5 6 7
1 2 4 5 6 7 9 8 3
5 6 7 9 8 3 1 2 4

3 1 2 4 5 6 7 9 8
4 5 6 7 9 8 3 1 2
7 9 8 3 1 2 4 5 6
6 7 9 8 3 1 2 4 5
2 4 5 6 7 9 8 3 1
8 3 1 2 4 5 6 7 9
9 8 3 1 2 4 5 6 7
5 6 7 9 8 3 1 2 4
1 2 4 5 6 7 9 8 3

3 1 2 4 5 6 7 9 8
4 5 6 7 9 8 3 1 2
7 9 8 3 1 2 4 5 6
6 7 9 8 3 1 2 4 5
8 3 1 2 4 5 6 7 9
2 4 5 6 7 9 8 3 1
5 6 7 9 8 3 1 2 4
1 2 4 5 6 7 9 8 3
9 8 3 1 2 4 5 6 7

3 1 2 4 5 6 7 9 8
4 5 6 7 9 8 3 1 2
7 9 8 3 1 2 4 5 6
6 7 9 8 3 1 2 4 5
8 3 1 2 4 5 6 7 9
2 4 5 6 7 9 8 3 1
5 6 7 9 8 3 1 2 4
9 8 3 1 2 4 5 6 7
1 2 4 5 6 7 9 8 3

3 1 2 4 5 6 7 9 8
4 5 6 7 9 8 3 1 2
7 9 8 3 1 2 4 5 6
6 7 9 8 3 1 2 4 5
8 3 1 2 4 5 6 7 9
2 4 5 6 7 9 8 3 1
9 8 3 1 2 4 5 6 7
1 2 4 5 6 7 9 8 3
5 6 7 9 8 3 1 2 4

3 1 2 4 5 6 7 9 8
4 5 6 7 9 8 3 1 2
7 9 8 3 1 2 4 5 6
6 7 9 8 3 1 2 4 5
8 3 1 2 4 5 6 7 9
2 4 5 6 7 9 8 3 1
9 8 3 1 2 4 5 6 7
5 6 7 9 8 3 1 2 4
1 2 4 5 6 7 9 8 3

3 1 2 4 5 6 7 9 8
4 5 6 7 9 8 3 1 2
7 9 8 3 1 2 4 5 6
8 3 1 2 4 5 6 7 9
2 4 5 6 7 9 8 3 1
6 7 9 8 3 1 2 4 5
1 2 4 5 6 7 9 8 3
9 8 3 1 2 4 5 6 7
5 6 7 9 8 3 1 2 4

3 1 2 4 5 6 7 9 8
4 5 6 7 9 8 3 1 2
7 9 8 3 1 2 4 5 6
8 3 1 2 4 5 6 7 9
2 4 5 6 7 9 8 3 1
6 7 9 8 3 1 2 4 5
5 6 7 9 8 3 1 2 4
1 2 4 5 6 7 9 8 3
9 8 3 1 2 4 5 6 7

3 1 2 4 5 6 7 9 8
4 5 6 7 9 8 3 1 2
7 9 8 3 1 2 4 5 6
8 3 1 2 4 5 6 7 9
2 4 5 6 7 9 8 3 1
6 7 9 8 3 1 2 4 5
5 6 7 9 8 3 1 2 4
9 8 3 1 2 4 5 6 7
1 2 4 5 6 7 9 8 3

3 1 2 4 5 6 7 9 8
4 5 6 7 9 8 3 1 2
7 9 8 3 1 2 4 5 6
8 3 1 2 4 5 6 7 9
2 4 5 6 7 9 8 3 1
6 7 9 8 3 1 2 4 5
9 8 3 1 2 4 5 6 7
1 2 4 5 6 7 9 8 3
5 6 7 9 8 3 1 2 4

3 1 2 4 5 6 7 9 8
4 5 6 7 9 8 3 1 2
7 9 8 3 1 2 4 5 6
8 3 1 2 4 5 6 7 9
2 4 5 6 7 9 8 3 1
6 7 9 8 3 1 2 4 5
9 8 3 1 2 4 5 6 7
5 6 7 9 8 3 1 2 4
1 2 4 5 6 7 9 8 3

3 1 2 4 5 6 7 9 8
4 5 6 7 9 8 3 1 2
7 9 8 3 1 2 4 5 6
8 3 1 2 4 5 6 7 9
6 7 9 8 3 1 2 4 5
2 4 5 6 7 9 8 3 1
1 2 4 5 6 7 9 8 3
9 8 3 1 2 4 5 6 7
5 6 7 9 8 3 1 2 4

3 1 2 4 5 6 7 9 8
4 5 6 7 9 8 3 1 2
7 9 8 3 1 2 4 5 6
8 3 1 2 4 5 6 7 9
6 7 9 8 3 1 2 4 5
2 4 5 6 7 9 8 3 1
5 6 7 9 8 3 1 2 4
1 2 4 5 6 7 9 8 3
9 8 3 1 2 4 5 6 7

3 1 2 4 5 6 7 9 8
4 5 6 7 9 8 3 1 2
7 9 8 3 1 2 4 5 6
8 3 1 2 4 5 6 7 9
6 7 9 8 3 1 2 4 5
2 4 5 6 7 9 8 3 1
5 6 7 9 8 3 1 2 4
9 8 3 1 2 4 5 6 7
1 2 4 5 6 7 9 8 3

3 1 2 4 5 6 7 9 8
4 5 6 7 9 8 3 1 2
7 9 8 3 1 2 4 5 6
8 3 1 2 4 5 6 7 9
6 7 9 8 3 1 2 4 5
2 4 5 6 7 9 8 3 1
9 8 3 1 2 4 5 6 7
1 2 4 5 6 7 9 8 3
5 6 7 9 8 3 1 2 4

3 1 2 4 5 6 7 9 8
4 5 6 7 9 8 3 1 2
7 9 8 3 1 2 4 5 6
8 3 1 2 4 5 6 7 9
6 7 9 8 3 1 2 4 5
2 4 5 6 7 9 8 3 1
9 8 3 1 2 4 5 6 7
5 6 7 9 8 3 1 2 4
1 2 4 5 6 7 9 8 3

3 1 2 4 5 6 8 7 9
4 5 6 8 7 9 3 1 2
8 7 9 3 1 2 4 5 6
2 4 5 6 8 7 9 3 1
6 8 7 9 3 1 2 4 5
9 3 1 2 4 5 6 8 7
1 2 4 5 6 8 7 9 3
5 6 8 7 9 3 1 2 4
7 9 3 1 2 4 5 6 8

3 1 2 4 5 6 8 7 9
4 5 6 8 7 9 3 1 2
8 7 9 3 1 2 4 5 6
2 4 5 6 8 7 9 3 1
9 3 1 2 4 5 6 8 7
6 8 7 9 3 1 2 4 5
1 2 4 5 6 8 7 9 3
7 9 3 1 2 4 5 6 8
5 6 8 7 9 3 1 2 4

3 1 2 4 5 6 8 7 9
4 5 6 8 7 9 3 1 2
8 7 9 3 1 2 4 5 6
2 4 5 6 8 7 9 3 1
9 3 1 2 4 5 6 8 7
6 8 7 9 3 1 2 4 5
5 6 8 7 9 3 1 2 4
1 2 4 5 6 8 7 9 3
7 9 3 1 2 4 5 6 8

3 1 2 4 5 6 8 7 9
4 5 6 8 7 9 3 1 2
8 7 9 3 1 2 4 5 6
2 4 5 6 8 7 9 3 1
9 3 1 2 4 5 6 8 7
6 8 7 9 3 1 2 4 5
5 6 8 7 9 3 1 2 4
7 9 3 1 2 4 5 6 8
1 2 4 5 6 8 7 9 3

3 1 2 4 5 6 8 7 9
4 5 6 8 7 9 3 1 2
8 7 9 3 1 2 4 5 6
2 4 5 6 8 7 9 3 1
9 3 1 2 4 5 6 8 7
6 8 7 9 3 1 2 4 5
7 9 3 1 2 4 5 6 8
1 2 4 5 6 8 7 9 3
5 6 8 7 9 3 1 2 4

3 1 2 4 5 6 8 7 9
4 5 6 8 7 9 3 1 2
8 7 9 3 1 2 4 5 6
2 4 5 6 8 7 9 3 1
9 3 1 2 4 5 6 8 7
6 8 7 9 3 1 2 4 5
7 9 3 1 2 4 5 6 8
5 6 8 7 9 3 1 2 4
1 2 4 5 6 8 7 9 3

3 1 2 4 5 6 8 7 9
4 5 6 8 7 9 3 1 2
8 7 9 3 1 2 4 5 6
6 8 7 9 3 1 2 4 5
2 4 5 6 8 7 9 3 1
9 3 1 2 4 5 6 8 7
1 2 4 5 6 8 7 9 3
7 9 3 1 2 4 5 6 8
5 6 8 7 9 3 1 2 4

3 1 2 4 5 6 8 7 9
4 5 6 8 7 9 3 1 2
8 7 9 3 1 2 4 5 6
6 8 7 9 3 1 2 4 5
2 4 5 6 8 7 9 3 1
9 3 1 2 4 5 6 8 7
5 6 8 7 9 3 1 2 4
1 2 4 5 6 8 7 9 3
7 9 3 1 2 4 5 6 8

3 1 2 4 5 6 8 7 9
4 5 6 8 7 9 3 1 2
8 7 9 3 1 2 4 5 6
6 8 7 9 3 1 2 4 5
2 4 5 6 8 7 9 3 1
9 3 1 2 4 5 6 8 7
5 6 8 7 9 3 1 2 4
7 9 3 1 2 4 5 6 8
1 2 4 5 6 8 7 9 3

3 1 2 4 5 6 8 7 9
4 5 6 8 7 9 3 1 2
8 7 9 3 1 2 4 5 6
6 8 7 9 3 1 2 4 5
2 4 5 6 8 7 9 3 1
9 3 1 2 4 5 6 8 7
7 9 3 1 2 4 5 6 8
1 2 4 5 6 8 7 9 3
5 6 8 7 9 3 1 2 4

